amplicon	amplicon_start	amplicon_end	ampInsert_start	ampInsert_end	fwd_primer	rev_primer	amplicon_length	ampInsert_length
Pf3D7_01_v3-145388-145662-1A	145388	145662	145421	145630	CCTGAGTTTTAAGTGAATGAATATATTTTTGTT	AAAATGTCCAATATGTCAAGGTATATTAAAGT	274	209
Pf3D7_01_v3-162867-163115-1A	162867	163115	162889	163092	TACTACCGATCATCAAGCCGAA	TGTGTGCTTTGTCGTTGATTCAT	248	203
Pf3D7_01_v3-181512-181761-1A	181512	181761	181545	181729	CTTTTCATATTTGTCTATTAGCTTTTTCAAACC	TAGTTTAAATCTATACTTGTCTCACCTGAACA	249	184
Pf3D7_01_v3-455794-456054-1A	455794	456054	455827	456021	ACAATGTAGAACAATATATAAAACTGGAAAAGA	GTGTTTCATTATTTTAGACACATTCAGGAATTT	260	194
Pf3D7_01_v3-528859-529104-1A	528859	529104	528890	529073	CTTAGTTTAGATTTGCCTACAATATTTGCAC	AATCATTTTATCCCACTTATTTATCTCGTCT	245	183
Pf3D7_01_v3-535965-536239-1A	535965	536239	535995	536206	TGGTTTAATGTGTTAGTAGAAGAAAAAGCA	CTTTGACAATCATCCAACATGTAAGTATATAAA	274	211
Pf3D7_02_v3-290580-290821-1A	290580	290821	290611	290789	AAGCATCATTTTCCTTATCATTATAATGAGG	ACTTTTAAATATGGCACATAATCCAATAGATG	241	178
Pf3D7_02_v3-291770-292017-1A	291770	292017	291802	291984	TGCTAGAGGCATATAAAGAACTTTTTAAAGTC	AGTAGAAATCGTCGAAGAACATATACATAAAAT	247	182
Pf3D7_02_v3-470437-470709-1A	470437	470709	470470	470676	ATTTTCAAAGGTTCAAAAATATATGAACATGAA	GTATGTATTATACCCTCCATTTGATTATTCTCT	272	206
Pf3D7_02_v3-503040-503288-1A	503040	503288	503072	503260	AGTACACATATCGTTATGATCCTTAATTAAAC	CATCACGATATTGATGTGTACTATGGTC	248	188
Pf3D7_02_v3-628941-629172-1A	628941	629172	628974	629143	GTGATTTTCTCTTTTGTGATAATCTTGAAAAAT	AATTATCTTACACCAACAATGAAGGTGAA	231	169
Pf3D7_02_v3-630641-630907-1A	630641	630907	630674	630874	ACATAACGAAGAATATCTATTCGTATAGGTTTC	AGGTATATATGGTAGCAATTCTATAAATTGGTT	266	200
Pf3D7_03_v3-85507-85756-1A	85507	85756	85540	85723	TCCTTTAATTTTTCTTTCATCAAATTTAACCAT	TGGAAGATGAATATTATGATGTAAATGATGAAA	249	183
Pf3D7_03_v3-515418-515657-1A	515418	515657	515441	515629	GATCTATTCCAGGAGCATCAAGG	GCATATGTTCCCAACCTTCATTAACTTC	239	188
Pf3D7_03_v3-653961-654206-1A	653961	654206	653994	654177	GTAACAAAAATTTCACCTAACGGTATATTTTTA	CTTTATGTATTTTTCAAAAATCGGCACGT	245	183
Pf3D7_03_v3-855426-855697-1A	855426	855697	855456	855664	ATGAGGTATCAAAACACAATAATACGATTC	CGTTTTCAATTAATTGTATTGAGAATTGTACAA	271	208
Pf3D7_03_v3-891553-891827-1A	891553	891827	891586	891794	GTCTTGTTTGTTTGTTATGATATGTTCTTTATT	ACATATCCATAGCAGAGTCTTCTTATTTCTTAT	274	208
Pf3D7_04_v3-109939-110184-1A	109939	110184	109962	110151	CTTTAGGTACACCTGCAAGTACC	GTGTTATGTTAAGCAATAAAAATTTTCATAGCA	245	189
Pf3D7_04_v3-115455-115684-1A	115455	115684	115484	115652	TTTTAGTTTCGGTATTTTGTGTTCCTCTT	AAGAAATTTATCAGAGTTACAAAAGGGAAATC	229	168
Pf3D7_04_v3-133581-133830-1A	133581	133830	133613	133801	ATTTAATCTTTTACCAGCAGTAGAAACTACAT	AGAAGAGCACAAAAGAGATGAATATCAAG	249	188
Pf3D7_04_v3-133928-134154-1A	133928	134154	133961	134121	ATTTGAACTTTGACTTTTCCAAATATTGTTTTA	AGAACATAATTATGATAAAAAGTATAGGGACGT	226	160
Pf3D7_04_v3-140317-140548-1A	140317	140548	140350	140516	TGATAATATATATGCTAAGGAAAAGGAAATTCG	ATTATTATTATTTTCATCTTGTGTGTCTCCAT	231	166
Pf3D7_04_v3-141741-141990-1A	141741	141990	141762	141957	ACCATGCTGATGATACACGTG	TCTAATTCTTTATAAAGATCAAGCATTTGTCTG	249	195
Pf3D7_04_v3-284121-284364-1A	284121	284364	284154	284333	TTTGTATATCGTTTGATTTGTTTGTAAGATGTC	AAAAATTCAACGAAAATAAAAGGTTGTTCTT	243	179
Pf3D7_04_v3-316593-316858-1A	316593	316858	316624	316825	AGAATGTATATTTTGATGCCGAGTTGATAAT	CAATGAAATATGTGTTAGACCTACAAATTCTTC	265	201
Pf3D7_04_v3-544454-544718-1A	544454	544718	544487	544685	TGAAAGAGAAATATAATATACAACAGGAGGAAA	GTGTCTGTATTTAATAAATGATTATCTGGGTTA	264	198
Pf3D7_04_v3-648065-648332-1A	648065	648332	648097	648299	AAGATTGATTAAATTTCACATTATACCTTCCA	TTTCCCTTGATACAATTTAATAAAAAGGGAATA	267	202
Pf3D7_04_v3-900526-900759-1A	900526	900759	900559	900729	AATTCATGGTAAATATTATCTCCATTTTGATCA	TGAAAATAAGGTAGGTGAAGAAAGAGAACT	233	170
Pf3D7_04_v3-1005938-1006187-1A	1005938	1006187	1005971	1006155	ATCATCATGAATATGTTTTCCTGATACATAAAT	AATTCTTATGGAACAAAATTCGAATCAGGATA	249	184
Pf3D7_04_v3-1037644-1037891-1A	1037644	1037891	1037677	1037859	AGTTAATGAAATAGCTCAACTTAATTTAACCAT	TGACATAAATTACTACGTCATAGGTATTTGGT	247	182
Pf3D7_04_v3-1113397-1113639-1A	1113397	1113639	1113422	1113612	ACAGCATTAGATACGGTTTTCCATC	CACTAAACGTAGCATGCTCAGATATTA	242	190
Pf3D7_05_v3-213027-213251-1A	213027	213251	213060	213219	TTTATCCTTATCATTATTTCCATCATTTTCTGG	AAAAATAAAAGGAACAATGTAATGGTTGAAAA	224	159
Pf3D7_05_v3-350808-351052-1A	350808	351052	350841	351019	AAAGCATCATTTTGCTCATAATTATATGTATGA	GAACAGTTCATATATATAATTCAACAACAGCCA	244	178
Pf3D7_05_v3-369676-369949-1A	369676	369949	369706	369916	CGAGAATTATGCCTCCTATAATCATAGTGA	TGACCACATGTCTATATTACTATGATGATTATT	273	210
Pf3D7_05_v3-395887-396136-1A	395887	396136	395920	396103	ATTTGATACAGGATGTGAAATTTTTGCATTATC	ATTGAACTCTTTGATATCTCAGAAAAATTCTTT	249	183
Pf3D7_05_v3-550803-551072-1A	550803	551072	550835	551043	ATTCAAATGTATATTGTTCTCCTCATAAGAAC	CAAGTTCAAAATATCCGAAGAGAAACAGA	269	208
Pf3D7_05_v3-641131-641404-1A	641131	641404	641163	641373	AACGTGCTACATATTTATAAATTCACTAAAGA	CGTGTATGTAGGAAATAAATTGTGTTCACAA	273	210
Pf3D7_05_v3-668763-669004-1A	668763	669004	668788	668979	TAACATGACCATCCCTTGTGATACT	CCAACGTTTCTTCGATCAAATGATT	241	191
Pf3D7_05_v3-796518-796759-1A	796518	796759	796551	796728	CGTTAAGTAGTACCTTTGGTTATTTTATGTTAG	AAAACTACCATTTAATCCTGATAGAATAGCA	241	177
Pf3D7_05_v3-1188456-1188706-1A	1188456	1188706	1188489	1188673	TCTTTAAATAAAACTAACACATCTAATGCACCA	AATATAGGTTTAAATATAGATGCAGAGATTGGT	250	184
Pf3D7_05_v3-1322099-1322341-1A	1322099	1322341	1322132	1322313	TTTTCTATTGAATCCATGAAATAGGAATATGAA	ATCAGCAACGATAGTACAAATTGAATGA	242	181
Pf3D7_06_v3-145285-145531-1A	145285	145531	145318	145502	GCTATCTTTTATAAATGTACCACTATTAAACCA	CAAGGAAGGTAGAATATCAAATACAAGGG	246	184
Pf3D7_06_v3-176108-176338-1A	176108	176338	176139	176305	ACTTCTCCTTTAATTGAAAATGTTTTCACAC	TGCTCAAAGTATGATAAAAGGTATATTTAATCC	230	166
Pf3D7_06_v3-416462-416720-1A	416462	416720	416487	416688	CGCATCGAAACTTAATTTGAGTACG	AATTTCGTTATAAAAACTCTTTTGCTCTGAAA	258	201
Pf3D7_06_v3-532166-532407-1A	532166	532407	532195	532380	TGATCAAGCTGAATCTATCCTATTGGATC	TGGTATATTGTTTATTGGGATCCCCTT	241	185
Pf3D7_06_v3-851492-851765-1A	851492	851765	851516	851740	ACACTGACATTTTACTGCACCTTC	GAAAGGAAGATATTATGCCACTGCA	273	224
Pf3D7_06_v3-1115900-1116168-1A	1115900	1116168	1115932	1116136	ATCTACATATTCTATAGGACAGTAAGATCTCA	ACTCAAAAGAATTAATAAACACTGACATGGTA	268	204
Pf3D7_06_v3-1128558-1128797-1A	1128558	1128797	1128591	1128771	GTTTTCTTTTTCATGTGTAACAGGATTATAAGT	AAAAATTCACCTAACTTGTCATCAGC	239	180
Pf3D7_06_v3-1135605-1135855-1A	1135605	1135855	1135638	1135827	ATCAGTTTTTAGATTTCCATTAGTTCCATTTAC	GCATTCAGAATTCCTCCAATAATAGAGT	250	189
Pf3D7_06_v3-1136091-1136364-1A	1136091	1136364	1136122	1136332	ACTTACATTGTCGTTGCCTTTATTTTTATTA	TAATGATTTGGAATATACTACTTGTGCCAATC	273	210
Pf3D7_06_v3-1140900-1141174-1A	1140900	1141174	1140925	1141141	TCCTCTCAATACTCTCAAAACACGA	AGATAGGTGAACATAATAATATGCAAATACATT	274	216
Pf3D7_06_v3-1192628-1192867-1A	1192628	1192867	1192660	1192836	AAAAGTATAAATAGAATGATCGAATGTGTTCA	AATGATATCGTTTTTACCACTGAAATACCAA	239	176
Pf3D7_06_v3-1197245-1197515-1A	1197245	1197515	1197278	1197483	ATTAATAATGGTCCTTCTATTACCATTAAAGGT	TTGAAGTATATTTTAGGAAGTGTCCATTCAAC	270	205
Pf3D7_06_v3-1235395-1235658-1A	1235395	1235658	1235428	1235625	ATTTGATTCTGAAGGAAGCATAAAATATAAAGA	ACACCCTTTTCATATTCATTCAAAATACTTCTT	263	197
Pf3D7_06_v3-1282656-1282930-1A	1282656	1282930	1282688	1282898	ACAAGTGAGGAGTTATTTTTAGAGAAATTAAA	TCGTATAAGTAGAAATATTTTTCTTTCGGTGG	274	210
Pf3D7_07_v3-105172-105442-1A	105172	105442	105201	105414	CATGAGTACTGTGTTCTTTCTTATGTTCT	GCCCATGGATTATTTGAAGAAATTGAAA	270	213
Pf3D7_07_v3-432832-433091-1A	432832	433091	432856	433064	AGGACATATGAGTTGCCCTTTAGA	TACAATTGTCAGGACACGAAAATCATT	259	208
Pf3D7_07_v3-475313-475545-1A	475313	475545	475344	475512	ACTTATGATTTGTCCAAATATGAAAAACAAC	AATTTATGTATAAGTTTGCTGGTTTTGTTTATT	232	168
Pf3D7_07_v3-627351-627625-1A	627351	627625	627382	627592	AGAAAGATTGTCCATTTACATAATTTGCAGA	TTCTATTTTAGAAGGAAATGAAGGAGATATGAA	274	210
Pf3D7_07_v3-717260-717493-1A	717260	717493	717293	717461	ATTTTATCCATTAATTTTATGATGAAGGTGTGG	ATCCCTCTCTATCTCATCTTCATTCTTATTAT	233	168
Pf3D7_07_v3-729480-729750-1A	729480	729750	729508	729725	GTAAATCAAGCCATTGATTTAACTCTCC	AAAGAGAGGCGTTTTCTAACGAAAA	270	217
Pf3D7_07_v3-1028330-1028603-1A	1028330	1028603	1028362	1028570	ACTAAAAATAACTCTTGATCTTTATCTTCGTT	TGTTGAATAATATGAATGAAAATAATCATTCGC	273	208
Pf3D7_07_v3-1043981-1044225-1A	1043981	1044225	1044012	1044195	ATGTTAGGAACACGCTTATCATTTATCTTTT	ACAGATATGAGCTCCTTCTCTTTAATAACC	244	183
Pf3D7_07_v3-1066661-1066903-1A	1066661	1066903	1066694	1066879	AAAGATAAAAATGGATATTATACAATGGCTTCA	CCCATATGCGCACAGTTTATAACA	242	185
Pf3D7_07_v3-1149367-1149613-1A	1149367	1149613	1149399	1149585	GAAATCTAGAGATGAATAATCTGGACATGTAG	TGTATACTCTCACATATTCCCTTCAGTG	246	186
Pf3D7_08_v3-102277-102527-1A	102277	102527	102309	102500	CATTAACATATAAAGTATCAGAACTTGTCGCT	TGTTGAAGAGTCAAGTTTTGTTCAGAA	250	191
Pf3D7_08_v3-336421-336651-1A	336421	336651	336454	336618	AATATTTCCCACAATATGAATACATGAATATGA	ACATATAATAATCTTGAACCCTCTTTCTCAAGT	230	164
Pf3D7_08_v3-399693-399961-1A	399693	399961	399719	399934	TTGTATTAATGAAGATGCCGATTGCT	AAAAAGATGACAATTTTGCTCTTGTGA	268	215
Pf3D7_08_v3-412801-413062-1A	412801	413062	412834	413029	GATGATAGTTATTTTCTTGACATCATGTCAAAT	TTTCACAATTTTCTTTCATTTCTCTTTTTAGAT	261	195
Pf3D7_08_v3-476232-476475-1A	476232	476475	476265	476442	AGATAATTGTGTACACACAAATATAAATGTACC	ATTTTCTTTACTTGAGTGATTAGTATTTCGAGA	243	177
Pf3D7_08_v3-585331-585590-1A	585331	585590	585364	585562	TCATAAGGGAACCTAAATTATTAGTATAATCGT	CCTTCATAGTATAACTGTTACTGGTCCT	259	198
Pf3D7_08_v3-585703-585949-1A	585703	585949	585736	585916	CTTTTAAACGATGATAACCTATATCTGCATCAT	GAAGTTATTAATTTTAAAATTGAACGTGAAACC	246	180
Pf3D7_08_v3-585993-586266-1A	585993	586266	586025	586233	ATTCTAATAATATTTCCACCAAAACAATGTCC	AAACTAATGATTATAAAATATGGAGTGCTCAAG	273	208
Pf3D7_08_v3-1056678-1056903-1A	1056678	1056903	1056703	1056878	GGCTAGTAACAGTACAGCTAGTTGT	TGCATCATCATTGTCTAAAGCTTCG	225	175
Pf3D7_08_v3-1099719-1099977-1A	1099719	1099977	1099751	1099944	AGATAATTTGAAAAACGATGAAAAAGATGAAG	AGCAAAATTATCACATATGTTACATTCATACAC	258	193
Pf3D7_08_v3-1176313-1176549-1A	1176313	1176549	1176346	1176524	TTGTTATATCCGTTGATATAAAAGAAGGATCAT	GGGACCTTACAACCTTTTTGTAAGC	236	178
Pf3D7_08_v3-1313088-1313338-1A	1313088	1313338	1313120	1313308	AGAAAAACAAATAGGTTTATGGAATAAATGGA	AATCATCAATATGTTTCACATATCTTGCAA	250	188
Pf3D7_08_v3-1314717-1314986-1A	1314717	1314986	1314744	1314953	AAGTGGAACATATGAAATTCAAGAGGA	TGTTTATTTTTCCATTCCTTCATATTTTCTTTT	269	209
Pf3D7_08_v3-1344618-1344845-1A	1344618	1344845	1344651	1344813	AATTTTCTTATATAACCTAAGTTGATGACTTGG	AGAACAGATGAAGTAACTACTCGATTAAATGA	227	162
Pf3D7_09_v3-82006-82236-1A	82006	82236	82034	82203	TTGTGTCCGAATACTTTTTCTTTAACCA	CTTAGGTATTTTTGCATCTATTAATTTGCTTTT	230	169
Pf3D7_09_v3-163813-164052-1A	163813	164052	163846	164021	ACCCAAAATGATAAATCTTCTTCATTTCTAAAA	ACCAAAAATGCTATTATTATTTTTCTGGGAA	239	175
Pf3D7_09_v3-164045-164311-1A	164045	164311	164075	164287	TTTTTGGTAATACAGCTAATAATACGGCAA	GGCTTTCGTTTGACTTTACTTCTG	266	212
Pf3D7_09_v3-202854-203106-1A	202854	203106	202887	203076	GTAAACAATGAATAAATATTCTTGCCAATTCGA	ATGTGTGATAGAGAAAGGTTCAATTGTTTA	252	189
Pf3D7_09_v3-270915-271160-1A	270915	271160	270942	271136	CCTTCAGCTTCTTCTAATTCTTCCATT	AGATGCTATTGCGGAAAAAGACAT	245	194
Pf3D7_09_v3-516735-517007-1A	516735	517007	516767	516980	ACACAAAATGGTACTTTTAAAGATTGTTTATG	TGGACAATAAAAACCTATGGGACATTC	272	213
Pf3D7_09_v3-595828-596094-1A	595828	596094	595861	596063	TTTAGTAATGTTACATATAATATTCCACACGGT	AAACAAACTGAAGATTTCATTACACAATATG	266	202
Pf3D7_09_v3-685560-685825-1A	685560	685825	685588	685792	CAAGTTCAACCGAACAAATATAATCACG	GGGCGAAATTCTATGAATGTATTATTAATAGAA	265	204
Pf3D7_09_v3-1015103-1015350-1A	1015103	1015350	1015131	1015317	GCTACCGATTGAATAGTTGAATCTTTGT	TGTTCCAAAGGATTGAAATATATTTGTACTTTT	247	186
Pf3D7_09_v3-1406342-1406614-1A	1406342	1406614	1406372	1406581	CTTTTAAATGAAGTGTCTGCTAGTACAGAT	TTCACCATTTTCTATTATTATTTCATCCTCTCC	272	209
Pf3D7_10_v3-992331-992603-1A	992331	992603	992363	992570	AACAAAATTGCCTATCATTAATGGAAAATATC	TCATTCGTATGACCCATATAATCTTCATTTTTC	272	207
Pf3D7_10_v3-992596-992869-1A	992596	992869	992622	992836	ACGAATGATGCTTATAGTCAACATGG	CACAAGTATCAGTATTCAATTCATTACATGAAT	273	214
Pf3D7_10_v3-1386657-1386909-1A	1386657	1386909	1386690	1386876	TTAATAACTCCATAAGTGCTACAGTTATATAGG	AAACTTAAAAATGAGGACAAGGAAAATAATACA	252	186
Pf3D7_10_v3-1392371-1392620-1A	1392371	1392620	1392400	1392588	TGATGGTGACAAAAGAGGTAAAGTAATTT	TTTTTGTTCTTCTTTTACACTGTGTATTTTGG	249	188
Pf3D7_10_v3-1414337-1414596-1A	1414337	1414596	1414370	1414565	TTAAAGCATTATGAAGAATGGGTTAATAGAAGG	AAAGAAGTGGTTGTTAGAGAATCTTGATTTT	259	195
Pf3D7_10_v3-1414599-1414832-1A	1414599	1414832	1414631	1414799	CAACGTCTATTAATAGTGTTAGGGATTCTAGT	ATTTTTCTTCAGTAATAATATTTGTACCAGGAA	233	168
Pf3D7_11_v3-115913-116184-1A	115913	116184	115946	116151	TTCTTATATCAACCTTTTCAAGAGGAACTTTAG	AATAGCTTTACGTTATGATCCAGAAAATAATGA	271	205
Pf3D7_11_v3-119432-119705-1A	119432	119705	119464	119672	CTGTAATACTATTTTCATAAGAACTGCTTCCA	AAAACTAGTGAAGGGAATATCAAAGAATATAGA	273	208
Pf3D7_11_v3-408285-408534-1A	408285	408534	408317	408504	ACTAATGATCCATATAAAAACGCTCAAAATAT	CATCCTGTGTATCATAATTTTGTTCATTCG	249	187
Pf3D7_11_v3-408543-408771-1A	408543	408771	408573	408747	AATAACTTAAATAAAAATATGGACGGCTCC	GACATTCTTTCAATGCTTCCGAAA	228	174
Pf3D7_11_v3-497277-497548-1A	497277	497548	497307	497519	ACTAAAATAGAAAATTTCGAGCAACTTTTC	GCTGATTGAGCAAAAGTAAAAATTTCTTC	271	212
Pf3D7_11_v3-1006693-1006917-1A	1006693	1006917	1006726	1006893	TTTTTATATTTAAAACTGACATGACCAAAAACT	ACTGGATGAAAAGAATCCTCCCAA	224	167
Pf3D7_11_v3-1018781-1019053-1A	1018781	1019053	1018814	1019021	AGGAAGTGAATATATTAGAAATGTCTGAATTTT	ATTTATATTTTAAAGGTGCATGCTATTTTTGT	272	207
Pf3D7_11_v3-1019050-1019319-1A	1019050	1019319	1019079	1019287	AAATAAGAATGTCTTAACACAACAAAGGA	ATGTGAAGAAGAAAATATGATTACACATGAAT	269	208
Pf3D7_11_v3-1127074-1127316-1A	1127074	1127316	1127104	1127294	GTCTTCTTAAGAAAAGGAAACAAACCATTT	CGGCATTTAGCTCGATATTGGT	242	190
Pf3D7_11_v3-1293919-1294168-1A	1293919	1294168	1293944	1294136	GGAAGAGGACAGAATTATTGGGAAC	AATTACTTCTTTCTACTATTTCAATGCTTGAA	249	192
Pf3D7_11_v3-1294664-1294910-1A	1294664	1294910	1294691	1294888	GAAACAGCATGTTTTGTTTTAGACCAG	TGTTTAGGTTGATCCGAAGCAC	246	197
Pf3D7_11_v3-1295103-1295335-1A	1295103	1295335	1295136	1295311	AACATGTTTAATTAACAATTCATCATACATTGC	GGTCACATGGGCATTTTAAACTGT	232	175
Pf3D7_11_v3-1295371-1295597-1A	1295371	1295597	1295398	1295564	GTATGTAAATGTGTAGAAAGAAGGGCA	TCATCCATTTTATCATATTTTTCAGCATTTCCT	226	166
Pf3D7_11_v3-1374917-1375148-1A	1374917	1375148	1374947	1375115	GTACCATCAACACTATATGCAAACATTTTC	GAAAATTATTAGAAGAACATCCAAATGAAGAAG	231	168
Pf3D7_11_v3-1375807-1376056-1A	1375807	1376056	1375840	1376024	ATTTGATACACCATTGTCTTGGATATTATTTTG	AGAAGAATTTATGGAAAGGATCTACTTAAGAA	249	184
Pf3D7_11_v3-1376058-1376305-1A	1376058	1376305	1376087	1376276	CAAAATTATTCATCATGCTATTTGTGCCA	AACTGTAGAAGAGCATTCTTTAAGTAGTA	247	189
Pf3D7_11_v3-1816152-1816378-1A	1816152	1816378	1816179	1816346	ATCTTTTTCGTTGTATGTGCATAATCA	AAACATAATTCTAATGATATTGACCTTGTGCA	226	167
Pf3D7_11_v3-1934962-1935236-1A	1934962	1935236	1934990	1935203	ACTTTCGGTGTTTTTCTGGTATATCATT	AAAAGAAAGAAAACAAAAAGCACTAAATCTTAT	274	213
Pf3D7_12_v3-63081-63314-1A	63081	63314	63114	63281	GCTATCCACTTCTTACAACGTGATAAATTATTT	AACACATTTATCTTATTTACCCGTATCTCATAT	233	167
Pf3D7_12_v3-233418-233671-1A	233418	233671	233446	233639	TCTAAATTCTGTCCCTTCACCTAAAGTT	ATTCTGATGATATATGTGATGACATTTTTGAT	253	193
Pf3D7_12_v3-529495-529767-1A	529495	529767	529527	529735	AATGGATTAATGTTTTCTACTTTTCCTTTAGC	TGTCTTGTTATCATTGGCTTTTTCATTGTATA	272	208
Pf3D7_12_v3-659881-660127-1A	659881	660127	659903	660096	CATATGTTGCTGGGTCGACTTT	GCTTTTCTTGAATCACAATCAATGAATAAGA	246	193
Pf3D7_12_v3-684011-684240-1A	684011	684240	684044	684207	TCAGGAATTTACCATTAATATCAATTATTGGTC	TTGATCCTTTATTTCTTTTGAAAACTTTTCTTG	229	163
Pf3D7_12_v3-857050-857323-1A	857050	857323	857083	857293	AAAATCCTTCTTTTCCAACTGTCATATATATAC	TCTTTGACATTTTTCAAAAACGACATACTG	273	210
Pf3D7_12_v3-1959644-1959891-1A	1959644	1959891	1959669	1959858	AATCGGTGGCAAGGTTTACAATATT	TCTCAGAAATAATAGTGGAACCATAATATTGTA	247	189
Pf3D7_13_v3-146695-146934-1A	146695	146934	146725	146904	GGTATTACTCAACCAAGAAAAATAGCTGTA	ATCCATATTTATACTTCTTTCATGTGCTTC	239	179
Pf3D7_13_v3-156456-156685-1A	156456	156685	156487	156652	ACAGATATGGATTTTTCCATATCTATTGAAC	GAATGTTTTAACAATATAGGTGTGTCATATCTG	229	165
Pf3D7_13_v3-156713-156986-1A	156713	156986	156746	156956	TCAACAAAATAGATTAATGAGCAATTCTAACTT	GAGTAACATAATTGTTCTACCTCCTAAAGC	273	210
Pf3D7_13_v3-388138-388408-1A	388138	388408	388171	388378	TTTAAATTTTCATCCTTCATTACATCCTTTCTA	AGTCTATAAATCAATCCAACTCAAAACAGC	270	207
Pf3D7_13_v3-479569-479811-1A	479569	479811	479602	479778	ATGTTTAATATGAATGTACCTGGTGATAATATG	ATTTTCTCTGTCTTTCAAAATAGCTAATTCATC	242	176
Pf3D7_13_v3-815862-816091-1A	815862	816091	815895	816058	ACATTCACACAAATAGAAAAATCTTCATTTTTC	ATCAATAATCAAAATCATGATAACAACCAATTT	229	163
Pf3D7_13_v3-852647-852921-1A	852647	852921	852680	852897	GCTTTCAGATTTGAAACTAATGATTTGATTGTT	TGACTTGCACTTTTTCCATCGAAT	274	217
Pf3D7_13_v3-911757-912005-1A	911757	912005	911783	911974	ACTACATGGGCTTCCAAATAAACATG	ACAACCAAACCTAGTAATAGTAGAAGTAAAG	248	191
Pf3D7_13_v3-935613-935884-1A	935613	935884	935645	935858	AAATTCAATAACATGAATGATGACTACTCCAA	TCTAGAACAATACTTGCCCTTTCTCT	271	213
Pf3D7_13_v3-1004740-1005002-1A	1004740	1005002	1004773	1004969	TTTAATGATGTTAATACAAAATCTGCATCTTTT	GAAAAAGATACAAATATAACATACCCTTGGTAT	262	196
Pf3D7_13_v3-1146764-1147010-1A	1146764	1147010	1146789	1146982	CAGCAAAGATGGAGAAACATTCTCT	GGTTTTGTTTCAATTTTTCTTGGTGGTA	246	193
Pf3D7_13_v3-1233093-1233332-1A	1233093	1233332	1233118	1233299	GTGTGGGTTCCTCACAAATGTTATT	GTGGTGCAAAGATATTAACGTATTTATTAGAGA	239	181
Pf3D7_13_v3-1265494-1265726-1A	1265494	1265726	1265527	1265694	AGTGCTAATATAATTACAAAAACATTTTCGTTC	TGTTTTTGAAAATAATATTCTTCCTCCCTGAT	232	167
Pf3D7_13_v3-1350855-1351093-1A	1350855	1351093	1350888	1351062	ACTTTTATGTATATCGTTTCGATTTAGGTCTTC	ATCGTATGAGAGGTATGTTAGGTAAAGAAAA	238	174
Pf3D7_13_v3-1406713-1406975-1A	1406713	1406975	1406746	1406947	CCATTGTTAGGATATTCTTTTGTTTCTTCTTTC	AATGATGACAAATTGAGTGAAAATCCTG	262	201
Pf3D7_13_v3-1419363-1419626-1A	1419363	1419626	1419396	1419601	TCTTTAGAATTTAAAACGAAGTCTTCATATTCT	GGTAAAGGCACAAAGTGAAACAGAT	263	205
Pf3D7_13_v3-1465616-1465890-1A	1465616	1465890	1465639	1465870	CCTTCTTCTGGATTTGGTGAAGG	TGTGGTGTTTGGGACGAATG	274	231
Pf3D7_13_v3-1465901-1466157-1A	1465901	1466157	1465926	1466124	TTTTCTACTTCAACACAAACAGCCT	CAATTAGTTGTTATATTAACAGATGGAATTCCA	256	198
Pf3D7_13_v3-1876391-1876664-1A	1876391	1876664	1876422	1876636	ATGTGCACTATCATCAACTAAAGAAATATCT	ATGTTTTCAAGAAGGAAAAGAAAAAGCC	273	214
Pf3D7_13_v3-2114242-2114482-1A	2114242	2114482	2114272	2114454	TCTACTGAGGCTTCATGTAAGATATCAATT	TTGTAGTTCCACAATCATCTGGAATTTT	240	182
Pf3D7_13_v3-2114829-2115090-1A	2114829	2115090	2114855	2115057	GGATTTCGTATTTTCTGACATGGCAT	AATACTTGAAGAAAGGTTAAATACCGTATTAAA	261	202
Pf3D7_13_v3-2545065-2545291-1A	2545065	2545291	2545092	2545258	AGCTATCATTACATGCTGACACAATAT	GATTAGTTGTGGAGATGATAAAACTATCAAATT	226	166
Pf3D7_14_v3-106867-107115-1A	106867	107115	106894	107084	CATACAACATCAACAAAAACTTCCACA	ATTTTCTCTTCATTAGCTAAAGGTATACATG	248	190
Pf3D7_14_v3-120101-120365-1A	120101	120365	120134	120332	TTCCATTTTTACATTTACATATAACTCCAACTC	AGAAATGTACGAATTTTAAATGAAGAAAAATGT	264	198
Pf3D7_14_v3-137398-137668-1A	137398	137668	137431	137636	TTTCTTAATTTCTTTACTACCATATTCCATTCA	ATGAAGATGAGCAATTTTGCTTATTTATATGT	270	205
Pf3D7_14_v3-279563-279833-1A	279563	279833	279591	279800	CCATTACTACCAAAAACATGGAAACCTA	AGTAATTATATTTCCCATTACTTATGGGAAGTT	270	209
Pf3D7_14_v3-377765-378020-1A	377765	378020	377798	377992	ATTCTTGTAGAATATCAAAAGAAATTCGTAACA	TTGCACAATAATGGAAAAAGAAAATGCA	255	194
Pf3D7_14_v3-407306-407542-1A	407306	407542	407339	407509	CATAAATCCGTTTTAATGTTTTCCTTTTATACC	CATCTAATACAAACATGAGTAACTTGGTTAATT	236	170
Pf3D7_14_v3-421322-421547-1A	421322	421547	421355	421514	CCTTTTCTCGATTTTTCAGTAAATTAAATCCTT	CTTCCTTGTAATGATTCTATAGTATCAAACAAA	225	159
Pf3D7_14_v3-771407-771633-1A	771407	771633	771433	771601	TCCCGAAAACATATCACTAGATCCAT	AAAAATTAAACATGATGCCACATTTTAGTAGT	226	168
Pf3D7_14_v3-921176-921432-1A	921176	921432	921209	921399	AGGATGAAAAATATAATAATTTGTGTACTTGGA	AAGAATAATACGAAAAATTAACCATAACCATCA	256	190
Pf3D7_14_v3-1038300-1038538-1A	1038300	1038538	1038327	1038505	AAAATCTTCATCAACTCTTTGGTTCGA	ATCATTGTACACAACATTTTAGATCTTATGTTA	238	178
Pf3D7_14_v3-1166107-1166371-1A	1166107	1166371	1166135	1166338	AGAATGGGATGGAAAATATGTATTCGAT	TTTTTGATCTTCTACAGATATGGACAAATTAGT	264	203
Pf3D7_14_v3-1392837-1393086-1A	1392837	1393086	1392870	1393059	TCTTTATATTAGTACCATGAACATCTACCCTAT	GCACTACGAAACAGATGTTTTGAAATT	249	189
Pf3D7_14_v3-1992121-1992370-1A	1992121	1992370	1992154	1992347	TTTTCATGAAAGGAGTATCCAATAAATGATTTA	GCACTTACCACGAAAAGGGATAA	249	193
Pf3D7_14_v3-2004362-2004606-1A	2004362	2004606	2004395	2004574	TTGCTACATATGTTTATGTGTAAAGGTTAATAT	CAGAAACTTGATGAACAATCAAAGAATATAGC	244	179
Pf3D7_14_v3-2020604-2020849-1A	2020604	2020849	2020637	2020823	CTTGGATTTCTTAGATTCATTATTCCATTCATC	ACATTGAATAACGCTCAGCATAGTAC	245	186
Pf3D7_14_v3-2260533-2260765-1A	2260533	2260765	2260556	2260737	GCATATGCAACCATACCACCAAT	ATTGTTTGTGGAACACATACAGTATTGA	232	181
Pf3D7_14_v3-2355614-2355853-1A	2355614	2355853	2355646	2355820	AAAACATCATATGAAGCATATCAAGAACAATC	TGACATAATAATATCGTTTTTGGATTGTATCCA	239	174
Pf3D7_14_v3-2695837-2696082-1A	2695837	2696082	2695870	2696052	AAAGAATTATTATTGTTCGTTTCGTTTGAAATT	TAGCGATATGCAAAGAATAACATCAAATGT	245	182
Pf3D7_14_v3-2733345-2733593-1A	2733345	2733593	2733378	2733564	GCAAAAATGAATATAGGTGGCGATATAAAAGTA	AATTCTTATTGTAGATGAAACGGTTTTGA	248	186
Pf3D7_14_v3-2858894-2859160-1A	2858894	2859160	2858926	2859127	AATAATTATACATCTTTATTTGGACACCGTGT	AGTTTCAATATCCATCATATCATCAACAATAAT	266	201
Pf3D7_14_v3-3124416-3124655-1A	3124416	3124655	3124442	3124626	CAAGTGAACAACGACCTGCTTATAAT	CCATTTTTCCATATCCTGGTTGTTCATTA	239	184
Pf3D7_14_v3-3125801-3126073-1A	3125801	3126073	3125830	3126040	CAGGTTGTTGGGAATTTAACATTACAAAA	AAGACTTCTTCTTTTCAAATCTAATAAAATTGC	272	210
Pf3D7_14_v3-3214249-3214516-1A	3214249	3214516	3214282	3214486	AATCTAATTCATTTATGGAATCATACACTTGGT	AATTTCTTATATCATCAATTGATGGTTGCC	267	204
PKNH_12_v2-198869-199113-1AB	198869	199113	198894	199083	CTCCAATAAAGTGGAACAGACAAGA	ATAAAATGGTGCTTCTGAAAAGATACATCA	244	189
Pf3D7_13_v3-1041593-1041860-1AB	1041593	1041860	1041625	1041829	AGATTATTGGTTTAGGTGGTGTATTAGATACA	GGTGATGCATGTAAGTTTACAATTTCTAATG	267	204
PmUG01_12_v1-1397996-1398245-1AB	1397996	1398245	1398021	1398213	CATTTCAATAATAGCAGCAGCTGGA	ATCACAAAAATTAAATGTTTGTCCAAGAGATG	249	192
PocGH01_12_v1-1106456-1106697-1AB	1106456	1106697	1106483	1106671	GTGGAGCATATCAAAACCTTTTTCAAA	CATGGCAATAAAATGGTTGTGTTGAA	241	188
PvP01_12_v1-1184983-1185208-1AB	1184983	1185208	1185008	1185184	CCTCTAGTAGAGTGGAACAAACAAG	AGGTACATCACAGTTGGAGGTATC	225	176
Pf3D7_08_v3-1365709-1365954-1B	1365709	1365954	1365742	1365924	TTTCTGAATCATCTTTTGGTATTTTTGTTTTCA	ATGTAACAGCATTAGATAAAGGTACTGGTA	245	182
Pf3D7_08_v3-1366626-1366856-1B	1366626	1366856	1366659	1366823	AATCTTCTTAATGATTTTGAATTTTTGGAAACA	AAAAGGAAAAGGTGAACAAAATATTCTTATTTT	230	164
Pf3D7_08_v3-1370603-1370853-1B	1370603	1370853	1370633	1370825	AAATCTGGAATAGGAACAAAGTGATTATGG	GCAACAATGAGAAAATGAATTTGCACAA	250	192
Pf3D7_08_v3-1375025-1375284-1B	1375025	1375284	1375057	1375259	ATTTAAATTAAGTCCTTTTGCATTTTTGCTAC	AAAAATAAAGTATTATCCGCTGCCG	259	202
Pf3D7_08_v3-1386795-1387043-1B	1386795	1387043	1386822	1387013	CATAAGCGTGTTAGTAGTTTCAGTTGT	CTTTGAATGGTGTTCCATTGAAATCAATTA	248	191
Pf3D7_11_v3-1294284-1294580-1B	1294284	1294580	1294306	1294547	ACTTCCATCAGGGAAATGTCCA	TCATCATAAACAGCTGGATATTTATAATTTGAA	296	241
Pf3D7_11_v3-1902034-1902278-1B	1902034	1902278	1902065	1902257	AGATTGGACATATGTCTCTTCATTTATCAGA	CTGCCCAAATACCCCAATAGT	244	192
Pf3D7_11_v3-1950401-1950636-1B	1950401	1950636	1950427	1950606	GCATGATGAGAGTTGTGATGAATTCT	GAGATTTACAAACGTCTAAACCATTTTCAC	235	179
Pf3D7_11_v3-1968031-1968273-1B	1968031	1968273	1968064	1968242	CGTATTGTAGAAGATACTTCACATGTTAATAAT	GCACTTTATATTGTCTTTTAGTTCTGGTTTT	242	178
Pf3D7_11_v3-2001721-2001954-1B	2001721	2001954	2001754	2001929	CAGGAAAAAGTTCCTAAAGAATCTAAAAATACC	AAAAACACCTTCCTTCATATGATCC	233	175
Pf3D7_11_v3-2001969-2002222-1B	2001969	2002222	2001999	2002198	AAAAACATCACATAGGAAAGAAGTTGATGA	CTTCTTCATCTCCTGGATTCTTGT	253	199
Pf3D7_13_v3-1465010-1465307-1B	1465010	1465307	1465036	1465280	GCTCCTGGTACTACGAATTTATAAGC	TGGATAATGAAAGGAAACAAAGTGACC	297	244
Pf3D7_13_v3-2770621-2770854-1B	2770621	2770854	2770649	2770821	GCAACACATCGATTTTATCAAAAGGAAA	TTTTTCAATTATCGAGGGTAAACTTATTAGATT	233	172
Pf3D7_13_v3-2780346-2780575-1B	2780346	2780575	2780367	2780542	AAAAATGAGGGCCGGTAGTTC	GTATTTCTGAAGGACTATATATGGAACAATTCA	229	175
Pf3D7_13_v3-2814606-2814855-1B	2814606	2814855	2814631	2814826	GCTGAAAAGGGTCAGTCTTCTAATT	GAGGATTTATTGTTTCCTTATTCCCTTGA	249	195
Pf3D7_13_v3-2816310-2816554-1B	2816310	2816554	2816334	2816526	GGTGGAGAGGTAACACATACTGAT	CTTGTAGAAGGAATAGATACACCATCCT	244	192
Pf3D7_13_v3-2840462-2840736-1B	2840462	2840736	2840495	2840703	AAATCGCTATCCTATAAATTACAAAACAAGAAT	ACACCATTAAATCCATTTAATCGAAGATTAAAA	274	208
Pf3D7_13_v3-2841390-2841688-1B2	2841390	2841688	2841411	2841661	ACCTGCATGTGCTTGACTTTC	AAAAATAAAATATTATCCGCTGCCGTT	298	250
Pf3D7_13_v3-2844334-2844629-1B2	2844334	2844629	2844355	2844599	ATGCTAGGTGTATACGCACAG	AACCTTATGAGACCCTCCTTTATATTTATC	295	244
Pf3D7_14_v3-854128-854427-1B	854128	854427	854155	854394	AAACCATCGTGCTTAGGAAATAAAACT	AGATATTCATTTTAATGACAAGGACATGAATAG	299	239
Pf3D7_03_v3-221185-221419-1B	221185	221419	221218	221388	AATTAATCGCAAACGTAATTAAATATTCACAAA	AAAAATTTGTAAAATGGAAAAATGTTCCAGT	234	170
Pf3D7_03_v3-221463-221712-1B	221463	221712	221485	221679	TAGCAGAGCCAGGCTTTATTCT	AATGCAAATCCTAATAAAAACAATCAAGGTAAT	249	194
Pf3D7_03_v3-980765-980997-1B	980765	980997	980797	980964	GGAAATCATCATAGATAACACTATTGCCTATT	ATTCCAATATAATGACGATGCATCTATTATTCT	232	167
Pf3D7_03_v3-981574-981823-1B	981574	981823	981607	981797	TTTACAATATCTGTTTCTTCATTATAAGCACAC	TTCCAGACAACAAATGTGATCTTTCA	249	190
Pf3D7_03_v3-981921-982191-1B	981921	982191	981946	982163	AGATTCACAATCATTTGGACGTTCA	AGGATGTAATGATTTGCTTTTGACGAAT	270	217
Pf3D7_03_v3-982299-982523-1B	982299	982523	982332	982491	GTTTATATTATTACTATTTGTGTGTGGATCTGT	ACTTCAGATAAGAATTCACATCTTCATTCTAA	224	159
Pf3D7_04_v3-1077327-1077562-1B	1077327	1077562	1077360	1077536	TGGAAATGATAATAATTTCGCTGAGTGTTATAT	TTTTTATCCTTGCAGTAACCCCTTTT	235	176
Pf3D7_04_v3-1082776-1083049-1B	1082776	1083049	1082809	1083016	TTTGTTGTAAAATATTTGTCATATCTGATAGGT	ACGTTTAAAAAGATGATGGATGAATATAATACA	273	207
Pf3D7_04_v3-1083095-1083331-1B	1083095	1083331	1083127	1083298	ACTATCTGTATCTTGTATACTATCTTCTACCT	GCTGTAGATGCTTTTATTAAGAAAATAAATGAA	236	171
Pf3D7_04_v3-1083411-1083668-1B	1083411	1083668	1083443	1083635	TGAGGTATTATAACAAAATCCAAATGTCCTTC	TGATGGTTTAAAATATTTGTTTATTCCTTCTCA	257	192
Pf3D7_14_v3-860289-860542-1B	860289	860542	860315	860509	CACAAGGAAACCTGTATGTGTTACAT	ACTATTACTTAATAAACAAGTCGTAGATGTTTT	253	194
Pf3D7_14_v3-860834-861066-1B	860834	861066	860866	861038	GAAATTGGAGATGAAAGTACAGATTCTAGTTC	TTCATAGAAGAGGTAACATCACCATCAT	232	172
Pf3D7_01_v3-194742-194973-1B	194742	194973	194764	194942	GGAAATGACCAAGACGTGAACC	TGTTTGAAAAGAACTCTAGCCCTTTATTATC	231	178
Pf3D7_04_v3-748105-748359-1B	748105	748359	748129	748326	CGACGTTTTCGATATTTATGCCAT	TCATTTACATTATCCACAGTTTCTTTGTTTAAA	254	197
Pf3D7_04_v3-748374-748611-1B	748374	748611	748407	748581	AAAAATTACAAAATGTTGTAGTTATGGGAAGAA	TCTAAAAATTCTTGATAAACAACGGAACCT	237	174
Pf3D7_05_v3-958079-958350-1B	958079	958350	958106	958317	GCTGTATTATCAGGAGGAACATTACCT	TCAGATCTTAATTTAGATCCAGGATTATTATCA	271	211
Pf3D7_05_v3-958372-958608-1B	958372	958608	958395	958580	AGTGAGTTCAGGAATTGGTACGA	CCCATTAAAGCCTCTTCTATAATGGACA	236	185
Pf3D7_05_v3-958920-959168-1B	958920	959168	958953	959135	TGAAAGCTTTAGAAGCAACAAATAGTTTATATG	CAATTAATTTTAGTATGGTTGATTTCCCACAAC	248	182
Pf3D7_05_v3-960810-961048-1B	960810	961048	960842	961021	CAGATGATGAAATGTTTAAAGATCCAAGTTTT	AATTAAGAAGGATCCAAACCAATAGGC	238	179
Pf3D7_05_v3-961511-961758-1B	961511	961758	961544	961730	AAAAATGTAAATGAATTTTCAAACCAATCTGGA	ATAGCAGCAAACTTACTAACACGTTTAA	247	186
Pf3D7_06_v3-1214815-1215069-1B	1214815	1215069	1214846	1215036	AACTTGTAATATTACGCTTCTAAATGTTGAT	TTCTTAATCTTTTCCTTATTCTCCTTATCCATA	254	190
Pf3D7_06_v3-1215236-1215502-1B	1215236	1215502	1215268	1215479	ACAAAACCAAATGACAATCCAAAATCTATAAT	TGGTGGTGTTAGATCTAGTACGG	266	211
Pf3D7_06_v3-1215495-1215756-1B	1215495	1215756	1215516	1215727	CACCACCAGGTGTAAATCGAC	AAAAACGAGTCATCAAAAAGTAGTAAGAA	261	211
Pf3D7_07_v3-403479-403716-1B	403479	403716	403500	403683	GACCTTAACAGATGGCTCACG	AAAGAACATAATCATACAAATAAAGTTGTGAGT	237	183
Pf3D7_07_v3-403801-404052-1B	403801	404052	403834	404021	ATCTATTCCACCTACCAATATAAAACATTACAC	CAAATGATTGGATATTTCCAGTAGTTCTTGT	251	187
Pf3D7_07_v3-404325-404590-1B	404325	404590	404358	404564	AACAATAGCTCTTGTAGAAATGAAATTATCTTT	TCATGTTTGAAAAGCATACAGGCTAA	265	206
Pf3D7_07_v3-404776-405006-1B	404776	405006	404809	404981	TTTTTCCAATTGTTCACTTCTTGTCTTATATTA	GTTTCTTCCCAAGAATAAACATGCG	230	172
Pf3D7_07_v3-405334-405576-1B	405334	405576	405358	405543	AAAACCTTCGCATTGTTTTCCTTC	ACAATAGTATATGTCATGGTAGAAAATTTGTCG	242	185
Pf3D7_07_v3-405570-405844-1B	405570	405844	405598	405815	CTATTGTTAGTTGTATACAAGGTCCAGC	GGTTCTCTTACAACATCACCCTATAAAAT	274	217
Pf3D7_07_v3-896613-896849-1B	896613	896849	896646	896816	AATACATATAGAAAAGATGATAGAAGAAGCTCC	TTTTCATATTCTGTCGAGGATAACAATTCAATA	236	170
Pf3D7_08_v3-549583-549807-1B	549583	549807	549610	549776	CAGATGGAGGTATTTTTGTTGAACCTA	TTGGTTTCGCATCACATTTAACAATTTTATT	224	166
Pf3D7_08_v3-549960-550215-1B	549960	550215	549989	550182	ATGCATAAAAGAGGAAATCCACATACAAT	GGGCAATAAATCTTTTTCTTGAATATCCAATAA	255	193
Pf3D7_10_v3-490605-490877-1B	490605	490877	490638	490844	AATACATATGTTTTTAGATGATGATTTTGAGGG	TCATTACGAGGATTATCATTTTTATCAGAATTT	272	206
Pf3D7_12_v3-2092529-2092798-1B	2092529	2092798	2092559	2092765	ATGATTTGTTCATATTATAGGTACCATGGC	TCTTATGACCATTTAATATACATAAAGGATCCT	269	206
Pf3D7_13_v3-748254-748510-1B	748254	748510	748287	748477	GGAAATTTTATCATTCCCCATTTCAATCATATC	TGATGATCAAAGTTATTTAGATGAAGAGCAAAT	256	190
Pf3D7_13_v3-958247-958510-1B	958247	958510	958276	958482	TTTGATGAATTTGTTGTAACGTTTTGGTT	TCATGTGAAAAATGAAGAGCATGAGAAT	263	206
Pf3D7_13_v3-1724895-1725166-1B	1724895	1725166	1724926	1725137	TGGTGAAAAGAAATGACATGAATTTAGAACT	GGGAACAATTTCCATATGCCTTATTAGAA	271	211
Pf3D7_13_v3-1725208-1725471-1B	1725208	1725471	1725232	1725441	CTCTCACCATTAGTTCCACCAATG	GGTGTATGATCGTTTAAGAGATGTATGGTA	263	209
Pf3D7_13_v3-1725464-1725719-1B	1725464	1725719	1725494	1725694	CATACACCTCAGTTTCAAATAAAGCCTTAT	GCCTTGTTGAAAGAAGCAGAATTTT	255	200
Pf3D7_13_v3-1725713-1725955-1B	1725713	1725955	1725741	1725923	ACAAGGCTTCACTTTCACTTAAATCTTT	CTGAAACTATGATTGATATTAATGTTGGTGGA	242	182
Pf3D7_13_v3-1726057-1726304-1B	1726057	1726304	1726090	1726271	TCGATTTCTTGTAAAAATCTTAATCTTTCTTCA	AAGACACAAATGAATTTTATTCGAGAAAAAGAT	247	181
Pf3D7_13_v3-1726723-1726995-1B	1726723	1726995	1726756	1726967	TTTTTACTATCAAAGTTCGAATCTAATACACTC	GGAAGGAGAAAAAGTAAAAACAAAAGCA	272	211
Pf3D7_13_v3-2504481-2504734-1B	2504481	2504734	2504514	2504701	AATTTACCTGAAGACGTTAAAAATGTAAAGTAC	TTTTTATAACTATCCCATTCGATATCTATACCT	253	187
Pf3D7_14_v3-283350-283576-1B	283350	283576	283381	283552	AAGGTTTTGAGCTCTGTATTGAAAAATAAAT	GGAACCCATAAATTAGCTGAACCG	226	171
Pf3D7_14_v3-283973-284211-1B	283973	284211	284006	284184	TGATTTTTATGAAGGACCTTTAACTTATGAAAA	GTAAATCATCGTTATCACAGGTGGTTA	238	178
Pf3D7_14_v3-288429-288696-1B	288429	288696	288462	288664	TTTTTCTTATTGATTACCGGAGCATTATTTTAT	CATCATTTAATGTTACACTATCACCAGCATTA	267	202
Pf3D7_14_v3-289301-289550-1B	289301	289550	289329	289517	TGTTGACAGTGGTACTAGTTCTATAACG	GTTCAAATCAACAGGTATTATAGATACCATACA	249	188
Pf3D7_14_v3-293575-293829-1B	293575	293829	293608	293796	ACAGAAAGGATTTCAAATACTATATGTACTTCT	GTTTTAGTAAGTCCTGAATTAAGAAAATTGACA	254	188
Pf3D7_14_v3-294506-294753-1B	294506	294753	294538	294730	GTACCAACTGACTTTTTAAATAAAATGTTGCA	GGGTCACCTAGAATAAAGGTTGG	247	192
Pf3D7_14_v3-297583-297856-1B	297583	297856	297616	297824	AAATATTATTTGTGACAGTTTTCATAGTTTTGG	TCCACATTATCAAACTCACTACCTAAATAACT	273	208
Pf3D7_14_v3-297935-298162-1B	297935	298162	297961	298129	CCATACAGCTTCATCTAATGTATGGG	ACAATTTCCGTCATTTCAATAAATTTATAGGGT	227	168
Pf3D7_14_v3-298368-298636-1B	298368	298636	298401	298603	TTTGATGGACCATTGAACTATGAAAAATTAAAT	GTATATACTTTATTTGGTGAACGATATTCGAGT	268	202
Pf3D7_14_v3-1954850-1955124-1B	1954850	1955124	1954882	1955099	ATTTACATCGTCTTTATCAATTGATGAATTTG	CCAGTTCATTAGATTCAAGAACCGA	274	217
Pf3D7_14_v3-1956056-1956330-1B	1956056	1956330	1956089	1956301	ATGATATACATTATCCATCTCATTTGCTTTTGT	GGTATTCTAGTAAAAATTCGGGTGGTATC	274	212
Pf3D7_14_v3-1956365-1956639-1B	1956365	1956639	1956396	1956609	AGATTCTTGTAATTCTATAAAAGCTGATTGT	GCAAAAGGATAGATATGAAAGGAAATAGCT	274	213
Pf3D7_14_v3-1957218-1957480-1B	1957218	1957480	1957251	1957447	ATCATACTATAAACCATAAACAAAACTTTGAGT	AAATCATCAGTTGATTTATTTTTGTTGAATGTT	262	196
Pf3D7_14_v3-2481033-2481276-1B	2481033	2481276	2481065	2481245	GTTTCATTTTAGATTTACCTTTTTGCGATCTC	GAAATTTACAACTGGAAGGTGAAAAACATAC	243	180
Pf3D7_02_v3-320652-320949-2	320652	320949	320676	320924	TTCTTTTTGGTGTTACGGGAGATG	CCAACTTTAGCTCAAGAAACACAAC	297	248
Pf3D7_03_v3-240957-241256-2	240957	241256	240990	241224	AGGATACAATATATGATAAACCAAATCATCAGC	ATGTCTGATTACAGAAGAATAAAAATGAAGAA	299	234
Pf3D7_05_v3-615379-615678-2	615379	615678	615412	615646	CCAGAAACAATGTCCATATTAAGTTTTGTATTA	AAAAATTAATAGACACCTTGGTTTGACTTTAC	299	234
Pf3D7_06_v3-857454-857753-2	857454	857753	857487	857720	TTTTTGATGATGTCTTCCAAATTAAACGTAAAA	AGTTCTCTTGTTCTAATTTTGTAGACATATTTT	299	233
Pf3D7_08_v3-1365750-1365999-2	1365750	1365999	1365783	1365968	TCTTGTAATGTGTTTTTAACATTATAGCAGTAA	CACAAATCGAAGTTACATTTGATATTGATGC	249	185
Pf3D7_08_v3-1366575-1366822-2	1366575	1366822	1366600	1366795	GCTTGTGCGGATGATGATAATACAC	GATTTAGGAGGAGGAACATTTGATGTT	247	195
Pf3D7_08_v3-1370814-1371045-2	1370814	1371045	1370847	1371012	CCAAATAATATTTTGTGCAAATTCATTTTCTCA	GGTTGCTACAATATAGACAAAAAGAAATTAGTT	231	165
Pf3D7_08_v3-1375205-1375450-2	1375205	1375450	1375238	1375418	TTTCTATTTGCAATTAAAATGCTTACGTTATCT	TTTCACTTCATGTATTTATGTATGCAGAACTT	245	180
Pf3D7_08_v3-1386786-1387035-2	1386786	1387035	1386817	1387005	TTTTTCTAACATAAGCGTGTTAGTAGTTTCA	GGTGTTCCATTGAAATCAATTATTAATGCA	249	188
Pf3D7_11_v3-1902041-1902278-2	1902041	1902278	1902071	1902253	ACATATGTCTCTTCATTTATCAGACCTGAT	CTGCCCAAATACCCCAATAGTTATT	237	182
Pf3D7_11_v3-1950431-1950680-2	1950431	1950680	1950460	1950650	CGCATGGAATAGAAGTTTAGCTGATTATA	CAAAAATTGATCTTCTGTGTCATCTCTACT	249	190
Pf3D7_11_v3-1968050-1968296-2	1968050	1968296	1968083	1968268	CACATGTTAATAATATTAAGGAAAAGGCAATAG	ATATTGAATGAGACATTTTCTTCGCACT	246	185
Pf3D7_11_v3-2001725-2001999-2	2001725	2001999	2001758	2001969	AAAAAGTTCCTAAAGAATCTAAAAATACCAGAA	ATCATCAACTTCTTTCCTATGTGATGTTTT	274	211
Pf3D7_13_v3-2770591-2770863-2	2770591	2770863	2770623	2770830	AAATATTTAGAAAACAATTTGAAAAGTGTGGC	ATTAATACATTTTTCAATTATCGAGGGTAAACT	272	207
Pf3D7_13_v3-2814583-2814832-2	2814583	2814832	2814616	2814807	CTATACCAATTACTCATATAGAAGCTGAAAAGG	CCTTGATTAGAGTCCTCATTTGCAT	249	191
Pf3D7_13_v3-2840447-2840746-2	2840447	2840746	2840474	2840721	ACAAAGACAGTAGAAAAATCGCTATCC	CGCATCACTTACACCATTAAATCCA	299	247
Pf3D7_03_v3-221295-221532-2	221295	221532	221328	221511	ACAACTCAAACTAAGATGTGTTCTTTATCTAAT	ACTGAATGGTCCCCATGTAGT	237	183
Pf3D7_03_v3-980853-981120-2	980853	981120	980886	981092	ATTACCTGCTGTTGGATAATCATAATAAAATAC	CTGCTCTAGAAATTCAGAGTGTACATTT	267	206
Pf3D7_04_v3-1083299-1083563-2	1083299	1083563	1083332	1083530	TTCATTTATTTTCTTAATAAAAGCATCTACAGC	TGTGAAAAATAATGAAGACTATAAAAATGTGGA	264	198
Pf3D7_04_v3-748585-748822-2	748585	748822	748618	748789	TTCCGTTGTTTATCAAGAATTTTTAGAAAAGAA	TTTTTCTTCTCCTTTTATACAATTTTGTTCATT	237	171
Pf3D7_07_v3-403487-403750-2	403487	403750	403508	403717	CAGATGGCTCACGTTTAGGTG	TTCCCTTTTTATTTCCAAATAAGGAATAAACAA	263	209
Pf3D7_07_v3-405517-405773-2	405517	405773	405550	405743	TCATTTTCTATGCTTTTTATAGATTATCGACAA	AAAATATGATACGTTGTACCATCATAAACA	256	193
Pf3D7_08_v3-550057-550318-2	550057	550318	550090	550294	TTCTTGTATTAAATGGAATACCTCGTTATAGGA	ATCCAATTGTGTGATTTGTCCACA	261	204
Pf3D7_12_v3-2092654-2092884-2	2092654	2092884	2092683	2092852	CTTGATTTGTCATTTAACCCGTGTTATAG	ATCCCATATATTAACAGAAGAATCAAAAGAGG	230	169
Pf3D7_13_v3-1725124-1725365-2	1725124	1725365	1725152	1725336	CCTGAACTTCTAGCTTCTAATAAGGCAT	GGATATGATGGCTCTTCTATTATACCGAA	241	184
Pf3D7_13_v3-1725379-1725652-2	1725379	1725652	1725404	1725620	ATTCTACCATTTGACGTAACACCAC	GTGGATTTGATGGTGTAGAATATTTAAATTCG	273	216
Pf3D7_13_v3-1725887-1726123-2	1725887	1726123	1725916	1726094	GTTGTGTTAAGGTATGTCTAGATGTTTCA	AAAAAGAAAAAGAAGAACATAGGAAACGA	236	178
Pf3D7_13_v3-1726174-1726408-2	1726174	1726408	1726207	1726375	TCATGTAATTTCTGTTCTTCAATATTTTTACGG	ATGATACTTATGAAAAGAAAATTATTGAAACGG	234	168
Pf3D7_14_v3-294503-294768-2	294503	294768	294535	294741	ACTGTACCAACTGACTTTTTAAATAAAATGTT	TATTTTCTCATGAATGGGTCACCTAGA	265	206
